353806708200841485505591615463894806940747970608242162622137745847326261210468579316369581097458499750321880050060252982282582937955338846465223648572462090239286119321100254253450683902754372874667731078908173095459404879597617155507738657723764769825733394596723752911736604685188581770207377629414623060
697940053329987045339413759121852201492957544191104518534792283004169441512228021155908151609298490123732087494104064190312843171791301314754435357054107637330727380865760756669786734474940637480926391891428365659667227769969511280411718577007375840234914774300879530358384212715006471041313990635792905755
945597108423351266522691691504868535627528335613915665160956146436485757481618299790527922398143137991803441343615355279342209897920552075271680475209880190026741329232490616767015917363308661078585632220458769082687236849675798907679926461318551167285125281077557279019281892079574242084941808534122882831
162076764250193574813819429293588647681178080307573372997829065561949837812731607694123565385271510607549021207331802002536227471890166582396158024486040149294151432773318039436078195558125426056196498639355924287317562115424057483707749879816918284816498697230261964828629407984465454595542205696474572663
1096846219693723994862279608497861819894698344689979509540832223149553815988311232883339986278159656261254304073056002281293018720157119731071549606401422903687704485526300417976916120446337067206570806542783260356028324512384597516168941601589131119062902613371109463961521495951143258250801466732364428356
802107997336960524224962761984691570716468001372692942955749454405225244784768009668528611313765400945285325203898321069245942338055326980203455264734271250712257863266131120928496048472753143213328343772438360484681993349871964977344900232876221576910313919357145662672972527813393640727938086204823751950
814569585615778355399471181717960096913272740504181962704220233107182083650907324077931090395793139266666862467106963208233505949781475995911405150135518658857434257420694202166287517219657736649078785026887100104466355037813283974101213340106618174378839029341403352912308017937620813544233770634246392563
1026016056537393622736763033025528208910450230692336275936756511286824372131615945519612655164124329686940677146240110096151480874976603320325861954778774304728796730519557031145009534501640637789927571903302608842705018693297540506953701255042042601392290139601256062505722926097824597797829616461536147881
1010833062638799099489759427508119523343236735045801107477840006516635039432759747050970400741392847364307775215758231629412153048595178947603967388476675484339915846864727994489768285512483562154137277895448612935679194596073381044026351975573173960089447875224135773164633458474288386907232790269902061013
1040282929420133942070585270228994890326158376695185564527229902600552006928158154590190775385762328541879596490330138558456924122062467305093469342938253180886179178152435945355494769890695840792180483381585036343271224355809016270768983981968128982539842762112179148679756979313942996165056618470965132041
862766570464150651434013714827299086545859132933728773826033388276629207644545650893238016702328321513044697984838554529915166903513114565047797066234828087380323586048464129078757719025346456421896829002866430120278418259131469841068625704017914838829862450000151039356437016871433653867485559086140862558
154100093539433913623689191634231785220724832687112274070593498215548536876449548503429904797303899235676871853194687872883129200792643521462853047849900507129411028057440568371046819958156510481224170517145123134258337742265117548589680242425304320200196466688882711721874943091744320224561416147335967940
477225928796827348699873873948111992327654963957503424908513729632043016393364620236300154083962401320763774355285539438804272110322472733840937995359866196283591672907313858895067212575122085395018712556031509721177266968191797206585061005595427293904816956899739822144160976195748700271520622370145138375
272340245797740770572228931500281393552226826912771343351615894086946657195699371798874935314245087579427286994650057490952745238120187789697967029911924500675699986915575484535619417885976143688022484820297604873092484321042235564691563156879345879014942059824841488213902825774042155114898415409723008959
1313802925486585134673403762252427691325830360250905645573613270881899785976700009666224840342543804608859471714064551647734940356754496327295631499292021664026291898618655409348415345442036176680196503327963996770550773264229724377246480968965615642496145925774828600598108087149578964671678664381828114248
1288845443105812859555983289854368662948317183368483314262769591212197430518761614972756146687934001241983099453288370492325054525594813234171652581850336447576313174801967045279728563646207673905197458614758590787398263201138200107621106823222273100995765712096087019023612281260445366887694902936908454715
333059292007497663893451751441794024408475186851371205363433831560036522490537163897024160696042952797611372523532639720581928400027145156828776461562972759316262962615502725383535504846558247005779587734713470093698817803584806201995826112734887157722303884313046474894437246716944085496372840407002983256
58403572087579428000601995003728732954987296300695960152981023039202310775529254550586718813080458380024206976977137971269873114478992165665606701747274086530379265411738212184932056800439296035487532756939560879179378460075994760836431975978563969192807774546219654133431264181754129116226536876016446388
958838303817575850464334227396914708990192886195490895496809789238885102317735669063468420962891394364290491914052174136479388661607480673579931143125107538387553331443736512892446015483325680294752781371952559994128920870082792693642132582239021560533140033875988523615783446635521969064945319507834780074
1428801714750270543084553397913634383812434483005724164983646387007491124153805223951368735655788466536761841448158747695284462379134980711386266556427369457174999646277365561055162986971725992443615706377950529871145913967697965628964859953189805179317631444617772307053514243993179514370468386018814637446
1471638788335508501464406079813904424187552398218829348759421975952243319668673731597793020838054174754085839872805373730177827577287094179524841948114085891204374374304683670546816133686644527265266652867208534581146047434733490726406350665923125506025395118993257427715254375027375425713823252602457042644
1163376737511636222236412046112778234263928289410544757979406383190315463781513951316716262856125197274832699962537722495478675488863541720949555434424027686231388775623654129258134796164299533563591789834414694678004259126094904029467682947379352257012431557302232546752203617095370394944076493654631823580
508538841505538853103599635650246088155483296503822181911706457627024447236398767085922071385867615930126147632858724919333550632201992706444038149194728896294145056928579568587692272367176881594518836212278212651138415767267827432914556914650050699391983890364220547665002195817212894987693621798430900135
177961738552879526134904119962666958791410526580324783787392610595832740469622606297652573541242831419216482488386650051525304640233536579007659302837962616225125418650119119934394093350518705247594617967076400744576310831313771105618888085804592992497251994558422895727336630108690540916405242892222583914
407577553031158709136994207667888226611893330143555731411093046894087874816141694542472267087030491330750497575639520902823584680405059113677713560981767587822024438523796138495985085236335850791555251059370728575468298402362591387410422989918659894565483019262050795795611155608727872971931142249073688976
713945362415724537390589602408676478552572385878374624116233254417906956796170403893860627066290778872648425435113324623890548609141783452772268769014957501350787147746209834774081017651122272235260442447708480676714001476461179887056506874135400564690047557405787609176685174171696033684604052450796142195
675569365529291425396515612388279461993661293503378523551289940318667260721147428858319155191442379051647449180901536185264832616996416518173222830119730251042148522577548830411391260686136495169125197658074660598865113567835125045547223992039164998642285515711837407397841028934166400591731393025951646522
38572849928033970353133533298432658696126520978255342987682973303021918656858369596066921254401388136569659262410856341843544420969156794868507712617335749062390636999062745515575474400266453756317109944319207410093327728073799045700650937606825648445671498999072781774200077646893244284347714708205776995
612121047147312462580978995276087964918577496861904799673900279653002515798642140834641980243556155816401875709940096888755065251879277071887644793888068415069334537581577597120867343249886434530641772918241168383831208965432278529771354131511935208880466653950409931121815837515415049569442731259656504194
783141465729106143289754964914199691765627654958818384372671634096257524663511185331915787051583845624403353379502072730011336330355572607836908556240764687386462527450241086445871727369913933883662135703386454012689263289819031053913270781357214831618317972438739851678523693127171297319733758441145605051
1085120868912354151154581263224725475480548943516376442168537335412260480463199907157911531014283651561749913788829328015170968067254017078984629491955817197728389627297195140443445343296817715590166736859811308439675788980241029726060295305085807891084268665069649832930404123521673911203534188749340014881
991036213162275662641161625731638318272334215999453087919859969875230088551829852153011641252084416371860485378137124104872974794824715226485091804743905367560129676008247711737438070730394961990668882633539792831871067494421411807983500520037298788969683037107861412884231674842055525997590366518617996813
466198728949793062891131044618867964557878629553306660608714784707924720799590235529444757388992139082576735869876102165678145161477053022264085542717403696076641527699301053524365505090292273382055801336762715104953465515608546744126590634002655189389063489636982480952915929537553518494602475804790403237
158416946292898246048435232424971990998329765184379968024551287468389120111542672799563988449059083779700855096538194635825178399318463539934192036906263087617574703761766417712122243172567139366848110461027107433164512555580922987304715498530217409916881748325637392066235052885095233075369500045660503645
457056651840322566440725596913227762755463396535090801684503916099360172985964373839822288620622657323204306367615843552076361788960588696881966503755293115277774192432158088000686456370570271342113516828761525637971895986154108475452055271304788824821878491118980702979153209162433193830354061485300297135
1289727179584582983834940144041361474125871043401582117943605681798815622660715509933090808643235552342520367007487416020680328702495647976810804028868228481218552533314268775768502367717921293900132143885742882016124725606668635374227239656193978435372907333274369039593490799228798231767786516873534105400
781371227339679040179107027568370565136606854018789356120078510767447978744503397235251885378421022961746931736429011889877831249434350291278281484384837283929483160967524645013196969571345742971094677870594563545087676203790939189613157533480041166878861801471730468820544459211511699745743225949195366272
1057137748743130649034016823604102438923787407697226760187104140099792906935455982355692953667539734467804128707811091763093122904336684106002028657026317641029565163717001072516408155673654391209259108295996256495779357850043582097824466287650579806918900473086520978166146561310741995338972509472209741327
643629206256940467163714009134598886529163071344632387459849709646503459270196200979049837689935569697767587561304951476178401894504863227612096578922273392221978506203107532668952339830133879580412254856082852079425343649730052112483825384405274096097556868110985778065680399798455241593142818065031484104
929306911572008015826695279023754637062121727792308635964462486043936514244460159194600724661457856894772305021669218668601487286810712408743224684377836833866174152814263753849791472148893854583925308981716052215538353899440788151162304385645862890539066056985641413455603241541810138435244607147218046034
1235425648905976963507749022235105359824377934000712243663123449324082047470950831855148322625414548174271946098053179086670841666266192426833027972016912048750872424369361886595186486891074794391715689231258260870277749812002462928778272248077419012567765102463619341440201776976632589120705475151692072340
1372007518051929618697422930736268395350131096310434963169845684281814281670595042719113387122727586408579341760748264229102724902389278406153198621680825091424377229860880191335989129385838044416151111439962877600296448346668415531520855697406561690936973254662347776777687992108433273764365420712650927250
710379802893016072473135060404013429081550546275970636774422043736939392364397848555794228817888942060548342616916096979967523027016996760650881858813471002038132754342076841278152802282146674301070725587423918795307024909894709936051799636666494424900364956824233896611063605944677455829966807964018463131
1119915146504303963522097124417481557659253622405924659711824065760878143253908411184495341957810088101012154112139945851721095084864318174585340115318629528248324778949733916965237543587082345489815329353380900741377224050251376008112151237010304692396948143113458686213549950185694531534472584333750675135
571740807990591973834006067228733835096440984147477148618792328610673324781351385118747470080726820354901951413779447011404046669839471551288478960941887433566090986449257040628673008388272694042163627406190389794867682527615686976056455552975486875900590558679311524204147695389306774112843044599648802925
617311201381397237303488654098007754337978524944985131430992792695810829146290337703516590731217656467544569423602596061758074380694750899087506653988456329321340021118025515175806541831984467008192519077381210926654390422628071949879357568641000592059132618585721510404137361651404457695448785134229454223
579278336740524229309250590945580292551627267456804227797470842347131547468956226466265410669389099773541279673067377637772281603942638837635565001229071942476444609109955710185792567499251084929029979371772820027477325806195943718335925140906063146896103336570117299961144005130476201505783656393714639045
864167659416105383536455168457649697467958586558731434671565512858020763520332132822442277403337327753744455479555631693313085241074382533672368436642065265910231057636329160034262867213112751248794177591025696700408927674621638210876115415984410736126730971530833565646677671707170127859647725856201814557
1128285564971838539684698368770463521652077878807998924911189510080173493897461314256732606617402868861747376896280791575807049158795413820119083959843707708631124070489950480112642496185198105598914977174458112010250677785475512687822400244355685791777031301297750405231572946744130912541696467162397402851
1412054463896382909845051647506035815108454132275462792544814317917720721174630265218329490248657418419332336965249970474525402771762661542215191636689499337493248136752337361665513460609884741497498223225787095658737588302985575526508097568066731609423646049986784501262551261234319567455276416412248162479
430537897873245128898328796396544182828984189454228110714546368683817056832251443334617728406560922757769510641519729793245005121784913312015434990720811816427056235323504078550353724323495835804689515884009658287604614058780263355793851664904275475982403467508336619976591096359109955447156786753170179691
467473413905469485012675806232717864733244856331622962192338671182903756916957476603638256046117134585739881275921762416452633512680194139716107395109565190286331526179404455613254087373548747442585247594938397857675248003776585856045183751984123634076177065231942954063098153914809490019180820002327901554

