78
130
95
605
519
399
362
318
309
103
464
259
373
208
12
70
330
478
60
114
307
441
489
365
546
586
253
200
376
162
411
497
559
459
397
308
107
104
368
567
535
277
607
396
608
578
230
256
47
242
172
443
581
140
247
245
422
125
475
37
453
633
48
596
283
315
390
11
166
357
344
182
506
138
332
405
248
571
24
173
106
176
377
326
335
141
299
590
486
157
342
346
147
8
555
572
534
79
226
382
171
302
268
26
156
537
610
99
593
10
75
51
387
169
254
484
217
348
358
185
23
74
207
421
629
64
507
538
179
389
244
492
85
604
446
584
306
293
168
631
494
448
195
630
96
234
34
370
488
163
227
9
279
601
257
144
270
493
219
407
42
465
618
1
31
69
218
149
297
291
371
63
266
317
334
142
549
36
491
246
265
324
235
501
153
298
617
220
240
615
415
137
462
503
203
40
594
110
150
276
431
44
563
597
194
55
92
515
469
632
287
236
134
13
470
339
583
577
393
249
414
198
115
499
388
490
210
511
447
151
152
395
109
385
384
178
135
252
170
562
485
80
434
468
477
271
394
160
375
479
532
531
122
126
526
527
406
481
33
148
43
284
556
412
86
542
221
456
264
4
545
516
598
350
82
463
438
323
354
392
311
343
164
364
599
637
251
57
261
295
566
159
424
500
380
193
188
229
423
333
471
504
177
628
58
433
401
561
273
640
420
45
473
482
155
472
0
472
155
482
473
45
420
640
273
561
401
433
58
628
177
504
471
333
423
229
188
193
380
500
424
159
566
295
261
57
251
637
599
364
164
343
311
392
354
323
438
463
82
350
598
516
545
4
264
456
221
542
86
412
556
284
43
148
33
481
406
527
526
126
122
531
532
479
375
160
394
271
477
468
434
80
485
562
170
252
135
178
384
385
109
395
152
151
447
511
210
490
388
499
115
198
414
249
393
577
583
339
470
13
134
236
287
632
469
515
92
55
194
597
563
44
431
276
150
110
594
40
203
503
462
137
415
615
240
220
617
298
153
501
235
324
265
246
491
36
549
142
334
317
266
63
371
291
297
149
218
69
31
1
618
465
42
407
219
493
270
144
257
601
279
9
227
163
488
370
34
234
96
630
195
448
494
631
168
293
306
584
446
604
85
492
244
389
179
538
507
64
629
421
207
74
23
185
358
348
217
484
254
169
387
51
75
10
593
99
610
537
156
26
268
302
171
382
226
79
534
572
555
8
147
346
342
157
486
590
299
141
335
326
377
176
106
173
24
571
248
405
332
138
506
182
344
357
166
11
390
315
283
596
48
633
453
37
475
125
422
245
247
140
581
443
172
242
47
256
230
578
608
396
607
277
535
567
368
104
107
308
397
459
559
497
411
162
376
200
253
586
546
365
489
441
307
114
60
478
330
70
12
208
373
259
464
103
309
318
362
399
519
605
95
130
78
