137
384
263
444
359
277
468
134
579
187
373
28
455
353
91
529
32
457
262
113
443
478
351
52
522
623
435
538
155
443
344
1
423
520
291
614
285
305
208
581
34
201
598
405
271
559
227
348
69
289
198
574
606
83
279
193
404
611
128
9
584
586
407
38
339
111
522
71
159
274
633
45
143
605
574
272
622
59
134
107
108
285
301
428
479
490
507
253
51
241
124
119
169
137
504
476
339
169
255
175
252
420
201
562
180
177
473
457
501
450
66
502
123
226
353
64
439
5
356
38
525
266
17
33
88
184
67
594
288
20
585
298
252
104
142
417
51
512
511
72
255
171
74
604
440
442
212
419
310
132
98
615
280
49
251
154
338
360
39
519
312
302
557
279
409
411
208
381
591
80
131
449
312
94
365
447
406
430
287
41
153
267
223
603
335
436
124
46
346
13
472
491
123
416
158
495
271
446
610
325
253
152
586
309
615
433
294
594
365
158
245
223
579
170
348
61
403
132
362
565
349
62
447
251
315
590
502
477
158
479
210
96
324
389
447
520
228
125
223
386
484
370
54
188
368
426
622
439
614
365
102
97
481
187
251
95
272
301
69
327
599
531
293
454
55
132
203
83
439
121
455
133
58
141
240
45
615
517
89
475
441
161
264
186
27
45
263
523
388
378
92
631
301
178
502
53
445
594
623
312
272
617
248
101
526
518
560
572
623
622
494
83
149
383
162
451
0
190
479
258
492
558
147
19
18
69
81
123
115
540
393
24
369
329
18
47
196
588
139
463
340
10
549
263
253
118
378
596
614
455
377
480
200
166
552
124
26
596
401
500
583
508
186
520
202
558
438
509
586
187
348
110
42
314
572
340
369
546
390
454
160
544
539
276
27
202
19
215
273
453
587
271
157
255
418
516
413
121
194
252
317
545
431
162
483
164
139
51
326
390
194
579
292
76
279
509
238
580
293
471
62
418
396
483
276
47
347
208
26
332
55
489
388
316
31
195
370
146
483
225
518
150
169
628
295
595
517
205
306
38
418
374
488
600
354
211
235
194
276
547
329
192
510
561
50
260
433
230
232
362
84
339
329
122
602
281
303
487
390
592
361
26
543
509
331
222
429
199
201
37
567
470
386
569
130
129
590
224
499
537
389
343
56
621
353
47
574
457
553
608
624
375
116
603
285
636
202
577
288
415
518
139
575
191
140
184
168
464
461
79
440
221
389
466
386
472
302
165
137
504
472
522
517
400
590
388
134
151
162
213
340
356
533
534
507
582
19
369
67
36
498
596
8
367
482
570
119
530
302
603
234
55
57
632
513
30
237
448
362
558
35
67
443
352
572
293
414
82
370
236
43
440
607
60
433
336
356
27
350
121
218
640
297
198
486
103
206
18
119
589
290
163
198
528
379
184
609
112
550
288
186
613
268
454
62
507
173
364
282
197
378
257
504
